0 16 0.5235711069295473
0 17 0.005161937131019273
1 3 6.405669050223017
1 5 16.739822820327294
1 9 0.748712169489502
1 12 30.246201172952958
1 15 29.19521205708903
1 17 13.618387471006645
1 21 11.412820187234832
2 3 0.42743958405425075
2 13 70.24843623257567
2 18 1.128364366332436
2 23 53.85514019243241
3 4 6.876726921411656
3 6 3.2771276516960515
3 12 39.390903435426836
3 18 2.7281698259193687
3 22 35.95291668010504
3 27 24.48666876088343
3 28 19.948528396662404
4 12 38.33796370881606
4 17 7.621639816214958
4 18 8.358950808925941
4 29 0.5906916797443785
5 13 11.013794047766938
5 14 17.475524675834915
5 19 2.5436293057620176
5 21 12.079385778954265
5 22 0.4484082087577962
5 29 0.287771630107068
6 7 8.295499053471216
6 23 56.12820872830036
7 11 1.613569138409967
7 15 4.949993505909316
7 17 4.335514480254972
7 18 0.18042111471445854
7 20 7.052547516652541
7 27 4.0034178877100315
8 21 49.3752551102964
8 25 22.25794623405588
8 28 31.423377522391487
9 20 1.274887521135168
9 27 2.29195591510386
10 14 11.824626242137116
10 19 27.102090223198967
10 20 10.607483813356032
10 25 6.808155994546625
11 27 14.639902386171608
12 13 41.33170102501949
12 21 36.92935159346736
13 14 1.4155039655568808
13 16 24.161920484218786
14 19 26.808610081981257
15 17 1.017076663626004
15 20 14.618870173447174
15 23 8.77956204680442
16 18 24.19185567264633
16 19 14.540599809418117
16 25 15.312342287570653
17 18 1.6789772451405272
17 19 38.69767771456239
17 20 18.27119648102451
17 21 2.710967368982169
17 22 30.021082894065277
17 25 9.655315703992537
17 29 0.36132650080785406
18 28 4.298504509902184
19 23 0.4714432103536516
20 22 17.831211827698873
20 23 29.776363921551486
20 25 2.413101712988465
20 28 2.636642441928762
21 23 14.099567430875117
21 28 28.7969445478498
21 29 36.868907329304164
23 26 50.37208059930309
28 29 10.84141542307542
