0 15 20.238998255631866
0 22 3.1951392452631717
1 2 35.557623871996526
1 9 22.151272623506564
1 14 13.76297998511726
1 18 2.8569364090772322
1 25 37.10067614972028
2 9 2.092283360514606
2 14 4.3228456830397155
2 15 17.466323161855765
2 20 8.588561550563373
2 27 6.546720943686966
2 28 24.659144225852213
2 29 49.88431740493148
3 21 37.35556126840782
3 28 12.953503885541979
3 29 1.2278367814773516
4 9 0.999423076099958
4 14 44.46848716720062
4 17 16.002465576799572
4 18 34.32080222913882
4 25 18.291051456659826
5 9 4.362059653609296
5 18 5.602899252056819
5 29 13.877729534042057
6 7 69.34600974840728
6 17 3.7261899970991053
7 15 2.419584488561696
7 18 16.583540456771008
7 20 5.032338399358743
7 21 4.582384441947137
8 13 41.18289988524223
9 10 3.6964039815869425
9 12 11.273713750870392
9 17 1.7022312518775367
9 21 7.464980134628115
11 17 18.93643526542363
11 25 62.57958055992228
12 17 12.438183561873657
12 18 15.809597300223384
14 18 7.241267985352106
15 16 9.911716038672608
15 18 0.8450041527714924
15 23 20.62388224781153
16 18 33.11184602458951
16 20 0.9577851872700177
16 21 7.349976849370877
16 24 6.785241044584904
17 20 20.277043669285018
17 21 1.0582861227932374
17 26 38.915961903043545
18 26 38.59778474243429
19 22 4.717935176018525
19 29 19.303571120651952
20 27 0.0284254807658357
21 25 25.94705126859273
22 23 5.826434495428234
22 25 0.7982926621331844
23 28 22.74237051406841
24 28 21.82173454366346
25 29 31.584935317096004
