0 19 0.6331836899348768
1 3 2.083916551123337
1 5 1.0553738167895355
1 7 13.551705648473341
1 9 4.496004213132764
1 10 16.353780041044033
1 12 2.6775382470734925
1 14 16.919630713126818
1 17 1.3423590279184694
1 18 22.293386500303715
1 19 14.983592916198905
1 21 4.120005824618494
1 23 4.041937525337884
1 25 6.034722358405275
1 29 4.157767124207753
2 14 32.859283421844154
2 21 25.98581931492105
2 27 16.775589161548247
3 4 27.94069610440774
3 5 10.43958651258193
3 6 32.639960977197674
3 12 4.188460005137624
3 16 20.09349938331979
3 18 13.187516349378727
3 20 1.8695411119933438
3 24 19.699952613303292
3 29 22.34816423142725
4 10 8.794813898899106
4 28 21.875057626111538
5 7 2.1869767094177837
5 12 3.6984728606936175
5 15 0.18410700414804965
5 17 0.36103148882312397
5 25 1.5641555334830248
5 28 4.230608814631465
5 29 42.45053150131393
6 7 1.7975458598255303
6 9 3.4168039470197966
6 15 66.97213492361408
6 25 37.40842499757755
6 28 101.89179478439844
7 8 74.54800495034317
7 11 4.4775228054913345
7 18 3.181317780654512
7 20 25.8350603842426
7 22 18.93567837646842
7 23 9.837555528689075
7 25 2.8520290660352683
7 26 7.284459002948344
7 27 17.184554097343486
8 20 5.412008324370045
8 25 4.032253899327341
9 18 10.472642630769244
9 22 7.419531608931279
9 28 8.33059649742536
10 25 9.926949811097549
11 20 1.548565504210977
11 24 6.891169861439085
12 16 3.1291862519390152
12 26 17.32844855667494
12 27 4.252981417794043
14 17 52.27524329824323
14 20 1.9647746409221258
15 17 18.36796629651434
15 19 50.6912802148896
15 21 1.219719943742951
15 23 2.6336034034978177
15 29 31.658185713815893
16 18 10.748590366937648
16 23 26.273492384665705
17 18 27.8536519742698
17 21 7.909741843811976
17 22 29.255757336939766
17 27 3.311624468510596
17 29 6.572633611900208
18 24 26.212866525213432
18 25 2.22638318529382
19 21 0.30073354872280045
20 25 15.724186324313955
20 27 9.229869904550172
22 25 29.32742751046648
23 24 15.68340802562572
23 29 4.797044798854328
24 27 5.017739235036537
24 29 4.149573988694807
25 28 31.605663322475728
28 29 29.34974821794905
