0 1 12.038338499437174
1 3 31.600161202609687
1 5 19.74458287100511
1 9 13.919165313136842
1 19 12.619300949385083
1 22 33.68331747336299
1 29 7.88066095223631
2 4 31.512254588937832
2 15 42.364868447672194
2 18 9.22072428892513
2 19 7.650925519116255
3 4 20.935323729737192
3 9 0.04001321249169104
3 16 99.44384105790863
3 19 0.9673379860610136
3 22 2.367457030883795
3 25 2.885576353485537
3 29 9.069142860214123
4 9 12.388399842013229
4 10 3.1261617773276136
4 14 0.7745968702076849
4 15 68.73736306002623
4 20 8.444338177450327
4 23 22.024786538458788
4 27 40.06721860991261
4 28 0.4799557665268166
5 9 15.434767860743927
5 10 3.596343166270613
5 12 14.508395177458375
6 8 72.44986489182683
6 20 39.38398090820361
6 22 4.403867112057886
6 28 2.2088585291615197
6 29 25.89813977197551
7 11 4.53504857355471
7 17 8.005965379952091
7 19 14.149032129652797
7 22 3.7281312278220615
8 11 13.625022312996322
8 15 7.441041358346313
8 21 2.37090417699011
8 27 12.263230436339352
9 11 5.2931925002376765
9 12 1.3035329923381762
9 13 10.188849553037047
9 17 1.3120963254591613
9 18 20.01742885561516
9 21 3.8216259547144436
10 17 0.008471927454226886
10 24 1.1734602153991476
11 12 19.209266510601186
11 29 24.852323250700973
12 17 0.20082521489183183
12 19 1.5920422326879804
12 21 59.83457192774222
12 23 46.91080524564316
12 29 23.72540600419868
14 17 10.032626067922758
14 18 13.973371213837504
14 22 24.05957554546087
14 24 1.9124471601844009
14 27 12.921343543993338
15 21 37.33498996190199
16 22 2.943659440698047
16 23 45.77408829294637
16 24 1.237569678926757
17 20 3.042402153071209
17 23 16.927209300541247
17 29 8.930261016094795
18 20 6.266982111967809
18 22 1.392728410893133
18 25 0.44183321221047756
18 28 11.92389061095083
18 29 17.03292275383415
19 23 2.7433172941051676
19 25 10.100682795974105
20 22 3.1457881528167606
20 23 0.658797113823298
20 26 22.461244835511142
21 29 7.332585696286903
22 24 20.39017487568747
22 25 7.998188936105913
26 27 3.777836512216738
