0 14 34.98004293914053
0 17 15.291998189781138
0 25 32.303088059020546
1 2 14.870596203740726
1 9 0.27796526797660515
1 14 18.564299864667305
1 16 2.183877631604216
1 21 4.780534425421919
1 22 51.76413550300744
1 26 5.93456184566432
1 28 10.471815159135604
1 29 9.993156768150852
2 5 0.9222783340746658
2 9 3.6336530783376344
2 16 5.1364639907484415
2 18 63.62529136646141
2 21 5.152644485736244
2 23 26.243444279689076
3 4 2.304155084241704
3 7 43.76702019733538
3 8 39.69178963796151
3 12 9.631884735686953
3 14 53.95398693239874
3 17 9.335119868654816
3 19 66.6565559022214
3 21 12.319220788933782
3 22 1.5211192014023533
3 23 14.42303920511641
3 28 0.9312796232769593
3 29 73.02489048902903
4 7 15.491344288435096
4 12 29.137192581015526
4 15 4.197662819749725
4 16 68.62472578214245
4 17 32.05185501558663
4 18 0.5047050333684945
4 21 5.676300960493262
4 27 3.6027276415320943
5 7 2.916538517643256
5 8 2.3961127629846843
5 9 0.8784077084746998
5 10 14.015216207705006
5 11 10.735297234333192
5 12 9.788468366379814
5 14 40.62827971099773
5 15 3.6295935945760607
5 16 2.6144579934236587
5 17 0.9000301091854338
5 28 25.242789137261614
5 29 11.326901105485469
6 23 2.748242278582375
7 8 0.21727621912128195
7 13 27.513494405474287
7 17 2.862826290470653
7 19 25.66920980445299
7 25 55.685277582540145
8 10 0.5773000394917968
8 19 11.178123851838574
8 20 0.4237819710888081
8 22 19.152283179174507
9 12 1.4368461152926664
9 16 0.15484204471702126
9 24 3.3243258113189675
10 20 16.789436202899545
10 23 12.832460271950671
11 29 18.93816974409984
12 25 42.79423146557519
13 21 11.982886185750775
15 17 5.144972891520602
15 18 11.763480077949144
15 20 3.249981206256641
15 22 16.76405277160173
15 25 20.584010854015524
15 29 5.9676970190291305
16 18 6.1281219131847005
16 22 2.277277120514053
17 18 7.888970594881622
17 20 0.24020662197397474
17 25 5.920531643483889
17 26 5.694298103456432
17 28 18.00226969406785
18 20 3.6616227445302862
19 27 6.192496880202885
19 29 14.133821008553381
20 25 17.998385080050085
20 27 13.933701309483153
20 29 13.724327205610233
21 24 0.35571142696455693
21 25 14.83270593973973
21 29 43.751502885457576
22 26 4.404530205404866
22 27 3.7819173953709537
24 25 48.53215949009382
25 27 2.8298061470815536
25 28 36.985584199372894
25 29 39.71042830093731
27 29 25.162596982256876
