0 21 5.185540106350429
1 14 3.07147781099545
1 17 0.03944653486450352
1 18 4.412780899821358
1 25 7.8326157433451815
1 26 16.632065046148742
1 28 3.152295993171226
2 8 85.94111860643446
2 10 61.63124931355552
2 15 3.2894980790277666
2 16 57.737084907296456
2 18 8.570982645401315
2 26 217.06417824992917
3 4 4.079375494976557
3 12 8.39405401279483
3 13 11.962683175591899
3 16 5.423957569476386
3 18 4.651304996791561
4 5 12.000766992696493
4 8 0.8052644054431548
4 9 3.965512594829968
4 17 9.423787759201387
5 15 2.6682532676199613
5 16 25.455658212761538
5 17 14.720145426011868
5 18 2.0981840990190226
5 19 10.739237003143574
5 22 5.461279785817117
5 23 3.989374068271016
5 25 11.36233928961336
5 27 27.558253501352638
6 14 50.55684760174234
6 17 16.9974846877229
6 22 32.35382484997725
6 23 20.459122023800212
6 26 28.049578348858056
6 27 0.26989532125574955
7 8 6.457425010894402
7 13 23.79626623004835
7 15 12.415323250024771
7 16 14.61397330363518
7 20 30.01588539480878
8 16 35.16521069486752
8 19 2.279160949081138
9 13 4.166487203720323
9 15 2.3198655868850975
9 16 16.382436524463273
9 17 3.575068725456377
9 19 9.827839399514485
9 28 1.1824513140578812
10 29 0.285297910020723
11 12 13.039059140720196
11 13 1.8987153792109384
11 15 18.944924548723307
12 15 1.6710875273170243
12 16 16.204770567573163
12 20 5.3401580414072
12 21 18.270887803117184
12 22 2.4996404823673903
14 17 3.055422083532432
14 20 35.000580645379735
14 21 0.15383659622605714
14 29 64.05313227625406
15 20 5.9074965212893655
15 21 57.2494974166479
15 27 34.071935855663504
16 20 3.0857766856354414
16 23 6.128826475869373
16 24 6.167392842225113
17 19 6.565480532645391
17 23 18.33141870032911
17 27 0.3016761305625383
18 27 4.308548928474565
20 22 12.194714872276599
20 24 5.986551415690466
21 25 11.364783305034372
21 28 27.806260501961102
22 23 18.062173016189824
22 25 45.16684785465876
23 25 7.810576786752021
25 28 11.249355075764692
25 29 1.1499947004524436
