0 14 24.491435586401202
0 17 13.082178218849027
0 18 5.93306261835255
1 2 0.6007751307252956
1 3 17.135103564672328
1 4 17.656008666353063
1 10 0.5207600525099225
1 20 10.312862512216077
1 23 0.027144025031059685
1 25 14.179625061659044
1 29 6.21300433601831
2 17 5.047674151048851
2 18 5.4821921994770255
2 20 4.963033966465694
2 29 34.5880529683805
3 4 22.13445356486227
3 16 0.10353460011331528
3 17 6.195171115484612
3 18 14.829327775882994
3 21 35.094918185917834
3 29 33.73743098719516
4 9 1.592325236031171
4 15 7.580569133640953
4 18 10.893655802046654
4 20 8.17981610005318
4 25 33.32319705909163
4 27 7.472152722108118
4 29 20.076599783994567
5 7 3.078954905696755
5 9 5.681928129073132
5 10 17.95399503736778
5 17 2.17590139557694
5 18 6.272753787642851
5 19 16.97164026351024
5 21 7.663393547029193
5 26 8.431245037683155
5 27 7.9506173764205625
6 18 12.998984354737084
6 22 27.548892872490764
6 29 2.1405466354808675
7 9 2.9246395086207895
7 14 37.30945972856171
7 15 23.38386130789106
7 17 6.593829244129478
7 18 0.8168653899790953
7 20 6.319877328795514
8 9 12.103233080455896
8 17 0.5358767016608603
8 25 54.44936589380355
9 27 10.317584281140833
10 20 0.5781185687050148
10 22 17.157146978600696
10 28 14.802452176241484
11 18 40.50405152144404
12 13 38.650966942661725
12 16 34.34265554984666
12 25 76.30237100464828
13 17 39.17543502287593
15 22 2.7983723877640134
15 25 32.5870132559747
15 27 7.409731748529054
15 28 4.980274025345174
16 19 9.235386796878945
16 25 1.4794330106510334
16 27 24.584828465382294
17 28 43.390328594721794
17 29 1.5113496370586756
18 21 13.126872731230439
18 27 7.131942311904902
18 29 9.986389211671236
19 27 5.940218997809942
19 28 16.096194166052413
21 27 5.962067613697954
21 29 18.124062964635275
22 23 10.021507599823906
22 25 0.09961136664204809
22 28 34.64335987561158
22 29 43.117290339022276
25 26 21.268215446025224
26 28 1.6061307712329465
28 29 6.875229551545566
