1 4 48.82422928980039
1 11 7.636670160505242
1 18 26.15016429274894
1 19 13.200336452001942
2 4 59.0455367340225
2 8 4.2119831150591684
2 21 59.940847607648664
2 23 23.474526946660486
2 25 1.2334203088787328
2 26 9.347334007211698
3 11 23.168503007965136
3 18 15.033891451850101
3 20 8.114422655183194
3 23 7.932878809889686
3 28 35.3029922311342
3 29 5.272643741296593
4 13 33.802829715941684
4 14 1.441490773830054
4 16 57.37562234092782
4 17 14.071430962257253
4 19 21.220348086727732
4 22 8.909259211122235
4 25 33.15476813896472
5 7 0.4623563343058806
5 9 1.3369482464092364
5 14 10.48186526946791
5 19 1.8569743296371475
5 20 4.481145209354263
5 27 4.26959152779396
5 28 8.792648468159566
5 29 9.176659594726441
6 25 102.83607540247463
7 17 15.277523545611059
7 20 3.5801170836986107
7 23 32.68330262354963
7 25 6.5511160500619114
7 26 29.370793054638874
7 27 5.739782511769448
8 17 29.57790896244075
8 18 29.520242278065314
8 21 27.478163433027934
8 28 58.41925547535496
9 16 27.337774481601215
9 21 0.10206218332458775
9 22 1.8649384215975644
10 12 6.185920718359447
10 22 19.27557832634269
10 28 6.327031317459095
10 29 9.92776447746888
11 14 1.4278100945707992
11 16 6.1683510664081895
12 14 11.35434332840387
12 15 21.864007738989518
12 18 13.960762202150253
12 19 25.46787477104831
12 20 19.918160577672186
12 22 21.04182338970447
12 28 33.582903373732755
12 29 3.563740691610308
13 14 41.70531666888016
13 15 14.857864568771234
13 20 7.7526925173056975
13 23 75.85653510888369
14 16 9.338941854484114
14 17 10.701136949809866
14 18 2.2364626984723
14 20 19.179388780046615
14 21 42.236445853694256
14 28 16.37197807796443
15 22 3.2349991972405956
15 27 5.9563777288484685
15 29 22.414058545896136
16 25 7.680424213913241
16 27 0.08245076690802011
16 28 8.573165788626552
16 29 29.692316710419345
17 18 1.7052842761442555
17 21 16.41758362920853
17 26 12.862063806955812
18 20 17.983235382295906
18 23 14.618249253103198
18 25 4.625518663489615
18 29 19.505817809029185
19 29 49.59825561502719
20 25 5.039603399267293
20 27 2.0992537779105858
20 28 4.173035245185805
21 28 12.722469389196013
21 29 11.334673888034605
22 26 23.70892885345695
22 28 2.609512686314151
25 29 35.042071885138704
26 29 15.444219334406883
