0 2 7.097566677259411
0 8 17.04164057453622
0 9 1.5296396868483562
1 3 46.862996080141336
1 10 4.792638859960745
1 12 16.249854953193196
1 14 17.253659738107892
1 19 6.106776215277699
1 25 1.7507249573090764
2 3 50.483100394583424
2 7 5.82544898856344
2 10 2.9638740640418666
2 13 25.443533605139656
2 15 10.901281820550055
2 21 12.844520663674599
2 23 14.747463814073122
3 4 15.275775490629092
3 10 0.49543322872462575
3 15 21.429644729040497
3 20 3.0876615500948805
3 21 54.65598509445474
3 22 7.653713937326216
4 9 3.1543046606450034
4 12 0.9984841267364154
4 19 5.8822954714017825
4 22 26.15727283194178
4 23 10.245849863257954
4 24 12.705046303566244
4 25 11.556198850250219
4 27 7.885303149491484
4 28 4.196302806514382
5 18 5.323648261545943
5 19 1.3616588876163012
5 28 31.0128183625676
5 29 2.1217186554307936
6 17 3.213194774586436
6 18 13.167099998597767
7 12 77.09966787729721
7 13 29.12303695098849
7 20 16.662310736362677
8 18 2.9989046603055343
8 22 16.633522076091282
8 27 0.9757852278903975
8 29 51.612264421904584
9 12 0.5779272505046245
9 25 19.946122486967756
10 16 11.591652188017681
10 20 1.170136442567917
10 29 15.902388246894835
11 15 0.7096015386322787
11 16 51.02658379507199
11 18 11.296993526548013
12 13 3.952584076661866
12 16 18.748975775130724
12 22 17.710561458359113
13 16 72.15182270193667
13 26 44.3279366376719
14 17 22.328468480764677
14 22 3.625758837486633
15 16 5.238732253097471
15 18 10.332702719173419
15 25 4.251791913740541
15 29 19.85264339801504
16 19 0.09579729662183874
16 20 18.749034431548715
17 22 20.37011571974374
18 23 39.61312320465518
18 25 16.899520379426438
18 28 2.307691298888216
19 25 2.1570410931038375
19 28 3.2286538854285607
21 22 5.730642266258322
21 25 4.473272245577239
22 24 2.1100891155852644
22 27 5.579632725757611
22 28 36.22874141804652
24 25 15.312224697775914
24 29 18.372709417671633
25 29 3.126189004680384
27 29 37.72057788491884
