0 15 1.7468847762720647
0 17 9.072050354484015
0 19 0.9668325545411164
1 8 21.214369935059647
1 10 13.676320714742303
1 13 23.095408025925458
1 17 5.381121287371972
1 20 6.605979147992809
1 22 4.392244938885503
2 3 1.9769779817310862
2 12 6.4967772975541855
2 15 21.292678566825895
2 17 22.01996661989747
2 20 9.762146547008268
3 7 12.348767044927943
3 19 23.36854637232007
3 21 6.969700408504567
4 5 13.48451780293341
4 14 54.98752170051606
4 20 15.66098100280798
4 21 13.822198004492112
5 7 6.3623244861031845
5 9 3.315563707053958
5 14 14.794281405406041
5 19 17.15824864586654
5 21 2.0538416922586795
5 23 8.740234765608475
6 8 17.163037356906514
6 10 58.46534607822387
6 20 19.05510363571308
6 23 0.04838222019183483
6 29 70.47742473773631
7 8 6.1350351498906095
7 10 9.258137347635127
7 13 15.509590552740674
7 17 3.6385720936350476
7 18 1.76277504786911
7 19 24.01274509604014
7 22 9.435562006715022
7 24 3.441642916862775
7 26 7.941169966223088
7 29 2.3385745707945143
8 12 3.799776073743238
8 17 37.038619798606895
8 19 10.096992572670146
8 20 2.5750944301386944
8 21 76.4483510678327
8 22 5.385605441598966
9 12 2.6955812607848864
9 21 1.696026487758013
10 13 39.52153658242034
10 14 17.88915001041472
10 20 22.984121576373795
11 16 101.4931011408513
12 27 5.878764968086894
14 21 3.498476483451171
14 23 33.358826763747
14 26 4.695758417013042
14 27 26.631509444464243
15 21 0.004220185864097414
15 25 37.06247530596543
15 29 2.2355666773239347
16 17 8.263584943074951
16 18 5.096827312453781
16 25 6.979486531258813
17 18 4.900236586879496
17 22 12.599926139849941
17 25 5.227252899159142
17 26 0.18828125315187005
18 20 0.9861653265428469
18 21 7.029838828574874
18 22 13.740967809769455
18 27 0.44920032471143573
18 29 4.2876172806761
19 27 1.1034266284455398
20 22 3.097574446756289
20 25 12.274550721574753
21 22 10.372679282059726
22 23 10.501248558615341
22 25 0.6785121855005407
22 27 13.694735788573889
22 28 26.35008916317781
23 25 4.820827215894265
23 26 8.925644984185848
25 28 26.715038143664447
25 29 25.055685929549398
27 28 19.447771889604887
